00123794
00222563
00240469
00247006
01412709
01802275
01846695
02012656
02242131
02246255
02248253
02248270
02248305
02248323
02248332
02318922
02322854
02323805
02942728
02945171
02947644
03640570
03651334
03653043
03654325
03664893
03732935
03739495
03762657
03763874
03800492
03800607
03964923
04004294
04702739
04963186
05002671
05008290
05015441
06562092
06564209
06610439
06621607
06621982
07433400
07515399
07653481
07705851
08443602
08445759
08456579
08531436
08544052
08847476
08851403
08852640
08857671
08903933
08955972
08956874
08958320
08959336
08960210
09046693
09048178
11801563
11811432
11815965
11833132
11834781
11834782
11842353
12443810
13314275
13326010
13331156
13356065
13361781
13542503
13561040
14134040
14135854
14136705
14136722
14136783
14237030
14237078
14237097
14443752
14443763
14505566
14505592
14505618
14535080
14558697
14710814
14812846
14859918
14959310
14961015
15000224
15002249
15043322
15045055
15046679
15145517
15147424
15219590
15741433
15757742
15757943
15757954
15760333
15802371
15810065
15810091
15810116
15810117
15810168
15813440
15813473
15826887
15844210
15852362
15852381
15862829
15862838
15922555
15922598
15922633
15923312
15923654
15923676
15923702
15923707
15923733
15923755
15924674
15924679
15924700
15924705
15924839
15924869
15926073
15930283
16027664
16027673
16027699
16031407
16031573
16031586
16047621
16047648
16048576
16048595
16048621
16048628
16056387
16056414
16118967
16118988
16119162
16119218
16126847
16231410
17146265
17146284
17146362
17149816
17149851
17149868
17150091
17154886
17160805
17160812
17160856
17160884
17160891
17160921
19247102
19248673
19248835
19257418
19257472
19262557
19302353
19303898
19306182
19306423
19307653
19416715
19508133
20960070
20961790
21008686
21009011
21009584
21009625
21013138
21013786
21206414
21206425
21206480
21206495
21505504
21931349
21931434
22337980
22339122
22341901
22344818
22402678
22415766
22757024
22757571
22759927
22760756
22761936
22765019
22802580
22803134
22805212
22808576
22808734
22813382
22816231
22816463
23664374
23664587
23700706
23740167
24026991
25136594
25142642
25148432
25151546
64701598
64701648
64839207
67210648
67219402
99999500
99999600
99999601
99999604
99999610
99999628
99999630
99999651
99999655
99999656
99999657
99999658
99999700
99999750
99999800
99999888
99999900
99999901
99999902
99999903
99999905
99999935
99999970
99999975
99999979
99999981
99999987
99999989
99999990
99999992
99999995
99999996
99999998
99999999
02840971