SICIL_NO,
03090,
05002,
33682,
30754,
30768,
31153,
31301,
31313,
31324,
31498,
31514,
31927,
31956,
31975,
32248,
32507,
32509,
32896,
32905,
32913,
32933,
32950,
33033,
33044,
33059,
33076,
33081,
33109,
33111,
33137,
35568,
33149,
33150,
33154,
33168,
33201,
35575,
33507,
33531,
33543,
33546,
33570,
33574,
33643,
33652,
33669,
33671,
33692,
33707,
33708,
33720,
33745,
33756,
33772,
33783,
33884,
34013,
34047,
34053,
34064,
34190,
34227,
34254,
34255,
34270,
34303,
34313,
34864,
34928,
34939,
34942,
35053,
35067,
35120,
35152,
35155,
35171,
35172,
35180,
35193,
35227,
35250,
35258,
35261,
35275,
35319,
35320,
35327,
35329,
35332,
35333,
35335,
35337,
35338,
35339,
35341,
35342,
35343,
35344,
35345,
35346,
35347,
35349,
35350,
35351,
35352,
35354,
35360,
35361,
35362,
35363,
35365,
35368,
35720,
35721,
35374,
35397,
35399,
35400,
35402,
35403,
35405,
35406,
35408,
35409,
35410,
35412,
35414,
35415,
35423,
35723,
35433,
35445,
35446,
35447,
35448,
35449,
35451,
35452,
35453,
35455,
35456,
35458,
35459,
35467,
35468,
35469,
35470,
35475,
35476,
35477,
35478,
35480,
35481,
35483,
35484,
35487,
35488,
35489,
35490,
35494,
35500,
35502,
35728,
35512,
35513,
35518,
35519,
35520,
35522,
35527,
35528,
35534,
35536,
35537,
35541,
35542,
35543,
30934,
50457,
35555,
80158,
35557,
35735,
35736,
35737,
35572,
35738,
50269,
35930,
35833,
35837,
50453,
50472,
35839,
35661,
35841,
35844,
35847,
50665,
35850,
60682,
35851,
61388,
35853,
35873,
35934,
35939,
35940,
35943,
35814,
35953,
35958,
80156,
80127,
80130,
80132,
80142,
80147,
80149,
35876,
99999,
35815,
80165,
80175,
80185,
35975,
80197,
80201,
80207,
80210,
80211,
80212,
80215,
80218,
80230,
80231,
80233,
80116,
80240,
80243,
80245,
80246,
80247,
80250,
80251,
80258,
80259,
80266,
80274,
80277,
80279,
80282,
80284,
80285,
80289,
80290,
80296,
35978,
35903,
35577,
35579,
35982,
35985,
35585,
35586,
35588,
35590,
35999,
36004,
35597,
35599,
35600,
35601,
36011,
35606,
35607,
35608,
35610,
35616,
35620,
35621,
35622,
35625,
35626,
35627,
36017,
35632,
35634,
35919,
35637,
36019,
35639,
35642,
35654,
35655,
36023,
36024,
35663,
35667,
35669,
35674,
35677,
35679,
35680,
35681,
35682,
35686,
35687,
36027,
35694,
35920,
36028,
35699,
35700,
35703,
35705,
35710,
35716,
35717,
36034,
36035,
36044,
36054,
36055,
35888,
35889,
35907,
35830,
35845,
35848,
35880,
35881,
35904,
35911,
35818,
35857,
36056,
35924,
36062,
35900,
35656,
35652,
50455,
35057,
35810,
35653,
35563,
35812,
50450,
35819,
35746,
35813,
36065,
35587,
35823,
50296,
35609,
36076,
36081,
36082,
35908,
35817,
36089,
35589,
35580,
35925,
35989,
35944,
35983,
35993,
36094,
36100,
36121,
36130,
35997,
36040,
36096,
36161,
36091,
36093,
36103,
36105,
36125,
36128,
36168,
36169,
50299,
50459,
36171,
36178,
36183,
36204,
36225,
36210,
36216,
36221,
36224,
36172,
36189,
36191,
36194,
36206,
36212,
36213,
36214,
36219,
36222,
36223,
36176,
36179,
36187,
36188,
36190,
36220,
36046,
33216,
35949,
33324,
33705,
35582,
35584,
35715,
35816,
35820,
36146,
36159,
36226,
36227,
35957,
35875,
35413,
36124,
36197,
36243,
36242,
36263,
36293,
36300,
36303,
36238,
36289,
36231,
36301,
36232,
36269,
36267,
36251,
36240,
36308,
36294,
36271,
36287,
36229,
36241,
36261,
35330,
36264,
36258,
36309,
36209,
36245,
36292,
36291,
91100,
36276,
36237,
36255,
36253,
91103,
36299,
36254,
99003,
36318,
99012,
34300,
36153,
99004,
99001,
99021,
36270,
